0.000000e+00
9.642764e-03
5.506664e-03
3.264982e-03
1.883866e-03
1.070499e-03
5.619074e-04
3.154275e-04
1.583156e-04
4.454412e-05
-3.702899e-05
-8.350242e-05
-1.093016e-04
-1.295023e-04
-1.384359e-04
-1.415605e-04
-1.422029e-04
-1.449399e-04
-1.445771e-04
-1.416788e-04
-1.384313e-04
-1.345640e-04
-1.299627e-04
-1.249603e-04
-1.215593e-04
-1.178618e-04
-1.136746e-04
-1.093001e-04
-1.053364e-04
-1.013221e-04
-9.723316e-05
-9.380966e-05
-9.054342e-05
-8.721655e-05
-8.375232e-05
-8.068565e-05
-7.770341e-05
-7.475688e-05
-7.205069e-05
-6.957484e-05
-6.714474e-05
-6.463075e-05
-6.235298e-05
-6.018488e-05
-5.809465e-05
-5.608028e-05
-5.427216e-05
-5.252794e-05
-5.074567e-05
-4.906998e-05
-4.750393e-05
-4.602716e-05
-4.456775e-05
-4.325313e-05
-4.199350e-05
-4.072798e-05
-3.949580e-05
-3.836397e-05
-3.731463e-05
-3.626666e-05
-3.529498e-05
-3.436341e-05
-3.344473e-05
-3.252345e-05
-3.168065e-05
-3.090149e-05
-3.012393e-05
-2.937200e-05
-2.864732e-05
-2.794239e-05
-2.722205e-05
-2.654798e-05
-2.591494e-05
-2.528961e-05
-2.466249e-05
-2.405376e-05
-2.346379e-05
-2.286024e-05
-2.227696e-05
-2.171897e-05
-2.117553e-05
-2.062113e-05
-2.007826e-05
-1.955003e-05
-1.901702e-05
-1.849082e-05
-1.798280e-05
-1.749348e-05
-1.699452e-05
-1.650198e-05
-1.602030e-05
-1.554376e-05
-1.506911e-05
-1.460970e-05
-1.416938e-05
-1.372520e-05
-1.328465e-05
-1.285306e-05
-1.243427e-05
-1.201701e-05
-1.161255e-05
-1.122437e-05
-1.083889e-05
-1.045548e-05
-1.008015e-05
-9.721057e-06
-9.364965e-06
-9.018713e-06
-8.684152e-06
-8.357248e-06
-8.031259e-06
-7.711891e-06
-7.407406e-06
-7.107905e-06
-6.815084e-06
-6.529618e-06
-6.253986e-06
-5.978670e-06
-5.708042e-06
-5.448079e-06
-5.195124e-06
-4.946288e-06
-4.701800e-06
-4.466651e-06
-4.232239e-06
-4.001012e-06
-3.776398e-06
-3.560427e-06
-3.347128e-06
-3.136526e-06
-2.933056e-06
-2.731695e-06
-2.532727e-06
-2.337871e-06
-2.152329e-06
-1.969149e-06
-1.788056e-06
-1.611582e-06
-1.439049e-06
-1.268709e-06
-1.101390e-06
-9.427526e-07
-7.870502e-07
-6.334196e-07
-4.824947e-07
-3.370308e-07
-1.938626e-07
-5.336653e-08
8.036192e-08
2.102573e-07
3.380913e-07
4.645072e-07
5.851866e-07
7.034707e-07
8.192859e-07
9.308774e-07
1.038068e-06
1.143503e-06
1.248349e-06
1.348722e-06
1.446667e-06
1.542429e-06
1.636167e-06
1.725668e-06
1.813865e-06
1.901878e-06
1.987379e-06
2.070365e-06
2.151486e-06
2.231930e-06
2.309035e-06
2.385150e-06
2.461091e-06
2.536161e-06
2.608614e-06
2.679447e-06
2.750109e-06
2.818680e-06
2.886269e-06
2.953445e-06
3.020635e-06
3.085265e-06
3.148361e-06
3.211161e-06
3.272965e-06
3.333529e-06
3.393343e-06
3.453381e-06
3.511209e-06
3.567453e-06
3.622978e-06
3.678231e-06
3.732012e-06
3.784799e-06
3.837624e-06
3.888902e-06
3.938537e-06
3.987081e-06
4.035752e-06
4.083054e-06
4.129338e-06
4.175322e-06
4.220492e-06
4.264049e-06
4.306357e-06
4.348912e-06
4.390529e-06
4.431225e-06
4.471262e-06
4.511000e-06
4.549273e-06
4.586337e-06
4.623494e-06
4.660209e-06
4.696066e-06
4.730941e-06
4.765713e-06
4.799277e-06
4.831757e-06
4.863978e-06
4.896080e-06
4.927310e-06
4.957311e-06
4.987082e-06
5.015926e-06
5.043768e-06
5.070898e-06
5.097992e-06
5.124166e-06
5.148965e-06
5.173163e-06
5.196628e-06
5.219104e-06
5.240445e-06
5.261642e-06
5.281950e-06
5.300878e-06
5.318740e-06
5.336000e-06
5.352306e-06
5.367279e-06
5.381904e-06
5.395788e-06
5.408441e-06
5.419650e-06
5.430361e-06
5.440271e-06
5.448958e-06
5.457056e-06
5.464599e-06
5.471134e-06
5.476065e-06
5.480538e-06
5.484437e-06
5.487420e-06
5.489567e-06
5.491309e-06
5.492267e-06
5.491725e-06
5.490669e-06
5.489226e-06
5.487193e-06
5.484129e-06
5.480725e-06
5.476728e-06
5.471536e-06
5.465666e-06
5.459515e-06
5.453005e-06
5.445390e-06
5.437386e-06
5.428893e-06
5.419565e-06
5.409339e-06
5.398867e-06
5.388174e-06
5.376491e-06
5.364273e-06
5.351600e-06
5.338418e-06
5.324210e-06
5.309769e-06
5.295204e-06
5.279974e-06
5.264049e-06
5.247719e-06
5.231161e-06
5.213709e-06
5.196047e-06
5.178332e-06
5.160360e-06
5.141620e-06
5.122570e-06
5.103500e-06
5.083907e-06
5.064113e-06
5.044319e-06
5.024593e-06
5.004174e-06
4.983539e-06
4.962983e-06
4.942322e-06
4.921439e-06
4.900590e-06
4.879988e-06
4.858910e-06
4.837651e-06
4.816466e-06
4.795480e-06
4.774247e-06
4.753049e-06
4.732119e-06
4.710981e-06
4.689614e-06
4.668248e-06
4.647219e-06
4.625961e-06
4.604694e-06
4.583589e-06
4.562502e-06
4.541087e-06
4.519590e-06
4.498433e-06
4.477160e-06
4.455810e-06
4.434474e-06
4.413305e-06
4.391774e-06
4.370122e-06
4.348739e-06
4.327432e-06
4.305993e-06
4.284458e-06
4.263158e-06
4.241604e-06
4.219946e-06
4.198449e-06
4.177207e-06
4.155815e-06
4.134278e-06
4.112961e-06
4.091592e-06
4.070152e-06
4.048765e-06
4.027724e-06
4.006576e-06
3.985283e-06
3.964115e-06
3.943081e-06
3.921989e-06
3.900863e-06
3.880077e-06
3.859279e-06
3.838346e-06
3.817393e-06
3.796665e-06
3.775886e-06
3.755012e-06
3.734380e-06
3.713842e-06
3.693157e-06
3.672292e-06
3.651654e-06
3.631000e-06
3.610233e-06
3.589558e-06
3.569046e-06
3.548385e-06
3.527435e-06
3.506664e-06
3.485974e-06
3.465213e-06
3.444406e-06
3.423797e-06
3.403103e-06
3.382136e-06
3.361282e-06
3.340620e-06
3.319977e-06
3.299215e-06
3.278664e-06
3.258157e-06
3.237505e-06
3.216901e-06
3.196564e-06
3.176349e-06
3.156033e-06
3.135909e-06
3.115958e-06
3.096018e-06
3.076078e-06
3.056437e-06
3.037019e-06
3.017584e-06
2.998292e-06
2.979235e-06
2.960315e-06
2.941380e-06
2.922733e-06
2.904380e-06
2.886111e-06
2.867910e-06
2.849948e-06
2.832206e-06
2.814470e-06
2.796976e-06
2.779791e-06
2.762781e-06
2.745767e-06
2.728969e-06
2.712443e-06
2.695995e-06
2.679724e-06
2.663744e-06
2.648013e-06
2.632261e-06
2.616697e-06
2.601428e-06
2.586342e-06
2.571381e-06
2.556686e-06
2.542296e-06
2.527940e-06
2.513743e-06
2.499829e-06
2.486195e-06
2.472662e-06
2.459374e-06
2.446410e-06
2.433577e-06
2.420868e-06
2.408412e-06
2.396293e-06
2.384289e-06
2.372502e-06
2.361011e-06
2.349740e-06
2.338557e-06
2.327592e-06
2.316974e-06
2.306511e-06
2.296220e-06
2.286165e-06
2.276380e-06
2.266656e-06
2.257110e-06
2.247870e-06
2.238837e-06
2.229914e-06
2.221156e-06
2.212675e-06
2.204260e-06
2.195978e-06
2.187929e-06
2.180129e-06
2.172390e-06
2.164760e-06
