0.000000e+00
2.154844e+00
2.452356e+00
2.422008e+00
2.356159e+00
2.251708e+00
2.213160e+00
2.211763e+00
2.160026e+00
2.120539e+00
2.090447e+00
2.096854e+00
2.073595e+00
2.060995e+00
2.063181e+00
2.058436e+00
2.041144e+00
2.020690e+00
2.029927e+00
2.024070e+00
2.020384e+00
2.017662e+00
2.022743e+00
2.013247e+00
1.999897e+00
2.005562e+00
2.006907e+00
2.006965e+00
2.001322e+00
2.008153e+00
2.003470e+00
1.996724e+00
1.997893e+00
2.002744e+00
2.003946e+00
1.997970e+00
2.003150e+00
2.001301e+00
1.999056e+00
1.996351e+00
2.002307e+00
2.003828e+00
1.999649e+00
2.001592e+00
2.001718e+00
2.001460e+00
1.996526e+00
2.001889e+00
2.003308e+00
2.001747e+00
1.999990e+00
2.001287e+00
2.001644e+00
1.996804e+00
2.000425e+00
2.001904e+00
2.002274e+00
1.997476e+00
1.999198e+00
1.999650e+00
1.997068e+00
1.998416e+00
2.000344e+00
2.001824e+00
1.996091e+00
1.997647e+00
1.998327e+00
1.998676e+00
1.998084e+00
2.000654e+00
2.002761e+00
1.998901e+00
1.999844e+00
2.001200e+00
2.003725e+00
2.002334e+00
2.005338e+00
2.007615e+00
2.006827e+00
2.006847e+00
2.008874e+00
2.012473e+00
2.011638e+00
2.014510e+00
2.016739e+00
2.018246e+00
2.017365e+00
2.019749e+00
2.023383e+00
2.023948e+00
2.026051e+00
2.028039e+00
2.030656e+00
2.029349e+00
2.031637e+00
2.034715e+00
2.036576e+00
2.037481e+00
2.039067e+00
2.041754e+00
2.040832e+00
2.042587e+00
2.044895e+00
2.047558e+00
2.047358e+00
2.048533e+00
2.050692e+00
2.050807e+00
2.051810e+00
2.053455e+00
2.056428e+00
2.055917e+00
2.056809e+00
2.058306e+00
2.059590e+00
2.059952e+00
2.061245e+00
2.064094e+00
2.064203e+00
2.064866e+00
2.065774e+00
2.067916e+00
2.068050e+00
2.069250e+00
2.071670e+00
2.072707e+00
2.073059e+00
2.073521e+00
2.075970e+00
2.076377e+00
2.077545e+00
2.079310e+00
2.081068e+00
2.081076e+00
2.081257e+00
2.083504e+00
2.084409e+00
2.085409e+00
2.086403e+00
2.088426e+00
2.088246e+00
2.088279e+00
2.089906e+00
2.091266e+00
2.091944e+00
2.092237e+00
2.094108e+00
2.094031e+00
2.094034e+00
2.094859e+00
2.096535e+00
2.096989e+00
2.096925e+00
2.098371e+00
2.098698e+00
2.098805e+00
2.098981e+00
2.100845e+00
2.101386e+00
2.101437e+00
2.102332e+00
2.103177e+00
2.103504e+00
2.103440e+00
2.105316e+00
2.106197e+00
2.106621e+00
2.106976e+00
2.108249e+00
2.108856e+00
2.108975e+00
2.110618e+00
2.111874e+00
2.112659e+00
2.112620e+00
2.114101e+00
2.114968e+00
2.115483e+00
2.116677e+00
2.118180e+00
2.119170e+00
2.118967e+00
2.120330e+00
2.121363e+00
2.122239e+00
2.122876e+00
2.124456e+00
2.125469e+00
2.125352e+00
2.126290e+00
2.127380e+00
2.128493e+00
2.128685e+00
2.130160e+00
2.131126e+00
2.131322e+00
2.131708e+00
2.132852e+00
2.134078e+00
2.134172e+00
2.135391e+00
2.136304e+00
2.136918e+00
2.136853e+00
2.138043e+00
2.139293e+00
2.139642e+00
2.140480e+00
2.141369e+00
2.142287e+00
2.142033e+00
2.143157e+00
2.144326e+00
2.145079e+00
2.145459e+00
2.146317e+00
2.147318e+00
2.147163e+00
2.148039e+00
2.149033e+00
2.150086e+00
2.150032e+00
2.150755e+00
2.151593e+00
2.151716e+00
2.152145e+00
2.152908e+00
2.154002e+00
2.153647e+00
2.154062e+00
2.154523e+00
2.154932e+00
2.154799e+00
2.155286e+00
2.156174e+00
2.155781e+00
2.155729e+00
2.155779e+00
2.156351e+00
2.155778e+00
2.155999e+00
2.156512e+00
2.156379e+00
2.155813e+00
2.155546e+00
2.156140e+00
2.155491e+00
2.155475e+00
2.155599e+00
2.155793e+00
2.154817e+00
2.154370e+00
2.154793e+00
2.154451e+00
2.154186e+00
2.153977e+00
2.154365e+00
2.153238e+00
2.152704e+00
2.152823e+00
2.152893e+00
2.152361e+00
2.151894e+00
2.152227e+00
2.151285e+00
2.150659e+00
2.150407e+00
2.150759e+00
2.150003e+00
2.149351e+00
2.149377e+00
2.148793e+00
2.147996e+00
2.147359e+00
2.147764e+00
2.146978e+00
2.146208e+00
2.145780e+00
2.145529e+00
2.144562e+00
2.143674e+00
2.143928e+00
2.143400e+00
2.142604e+00
2.141737e+00
2.141727e+00
2.140810e+00
2.139946e+00
2.139965e+00
2.139831e+00
2.139099e+00
2.137981e+00
2.138066e+00
2.137495e+00
2.136870e+00
2.136621e+00
2.136828e+00
2.136242e+00
2.135139e+00
2.135178e+00
2.135027e+00
2.134675e+00
2.134184e+00
2.134556e+00
2.134209e+00
2.133322e+00
2.133152e+00
2.133311e+00
2.133156e+00
2.132505e+00
2.132856e+00
2.132729e+00
2.132091e+00
2.131568e+00
2.131838e+00
2.131810e+00
2.131120e+00
2.131237e+00
2.131222e+00
2.130765e+00
2.129856e+00
2.130095e+00
2.130145e+00
2.129569e+00
2.129294e+00
2.129280e+00
2.128990e+00
2.127887e+00
2.128002e+00
2.128117e+00
2.127788e+00
2.127104e+00
2.127077e+00
2.126947e+00
2.125979e+00
2.125881e+00
2.126010e+00
2.125975e+00
2.125023e+00
2.124968e+00
2.124943e+00
2.124341e+00
2.123955e+00
2.124060e+00
2.124248e+00
2.123272e+00
2.123088e+00
2.123041e+00
2.122850e+00
2.122168e+00
2.122235e+00
2.122487e+00
2.121706e+00
2.121238e+00
2.121042e+00
2.121154e+00
2.120261e+00
2.120206e+00
2.120342e+00
2.119868e+00
2.118979e+00
2.118624e+00
2.118828e+00
2.117931e+00
2.117644e+00
2.117506e+00
2.117373e+00
2.116105e+00
2.115631e+00
2.115781e+00
2.115184e+00
2.114627e+00
2.114283e+00
2.114393e+00
2.113080e+00
2.112563e+00
2.112538e+00
2.112459e+00
2.111714e+00
2.111315e+00
2.111538e+00
2.110611e+00
2.110091e+00
2.109930e+00
2.110286e+00
2.109548e+00
2.109207e+00
2.109356e+00
2.109063e+00
2.108546e+00
2.108351e+00
2.108941e+00
2.108450e+00
2.108188e+00
2.108166e+00
2.108411e+00
2.107919e+00
2.107755e+00
2.108339e+00
2.108272e+00
2.108031e+00
2.107841e+00
2.108370e+00
2.107984e+00
2.107875e+00
2.108263e+00
2.108629e+00
2.108360e+00
2.108055e+00
2.108630e+00
2.108534e+00
2.108498e+00
2.108679e+00
2.109335e+00
2.109107e+00
2.108816e+00
2.109264e+00
2.109606e+00
2.109663e+00
2.109712e+00
2.110499e+00
2.110490e+00
2.110342e+00
2.110634e+00
2.111327e+00
2.111499e+00
2.111532e+00
2.112268e+00
2.112631e+00
2.112663e+00
2.112810e+00
2.113685e+00
2.114018e+00
2.114133e+00
2.114727e+00
2.115393e+00
2.115569e+00
2.115610e+00
2.116468e+00
2.117035e+00
2.117265e+00
2.117646e+00
2.118444e+00
2.118727e+00
2.118719e+00
2.119432e+00
2.120187e+00
2.120505e+00
2.120634e+00
2.121372e+00
2.121801e+00
2.121828e+00
2.122317e+00
2.123149e+00
2.123545e+00
2.123485e+00
2.124075e+00
