0.000000e+00
1.101845e-02
4.065411e-03
2.113331e-03
1.229677e-03
7.675109e-04
5.144573e-04
3.489912e-04
2.479897e-04
1.745450e-04
1.257509e-04
8.879461e-05
6.205385e-05
4.203853e-05
2.635682e-05
1.493582e-05
5.431130e-06
-1.385879e-06
-7.274878e-06
-1.157061e-05
-1.520899e-05
-1.800144e-05
-2.018488e-05
-2.199144e-05
-2.325965e-05
-2.440315e-05
-2.511903e-05
-2.580191e-05
-2.619259e-05
-2.652006e-05
-2.669479e-05
-2.677080e-05
-2.680161e-05
-2.671234e-05
-2.664572e-05
-2.646407e-05
-2.631061e-05
-2.607428e-05
-2.584748e-05
-2.558300e-05
-2.530373e-05
-2.502949e-05
-2.472003e-05
-2.443750e-05
-2.411400e-05
-2.381811e-05
-2.349271e-05
-2.318610e-05
-2.287038e-05
-2.255719e-05
-2.225424e-05
-2.193901e-05
-2.164394e-05
-2.133212e-05
-2.104259e-05
-2.074112e-05
-2.045636e-05
-2.016992e-05
-1.988820e-05
-1.961492e-05
-1.933765e-05
-1.907542e-05
-1.880568e-05
-1.855330e-05
-1.829552e-05
-1.804973e-05
-1.780413e-05
-1.756353e-05
-1.732956e-05
-1.709483e-05
-1.687195e-05
-1.664558e-05
-1.643155e-05
-1.621466e-05
-1.600673e-05
-1.579958e-05
-1.559711e-05
-1.540008e-05
-1.520358e-05
-1.501588e-05
-1.482620e-05
-1.464531e-05
-1.446288e-05
-1.428756e-05
-1.411322e-05
-1.394301e-05
-1.377710e-05
-1.361190e-05
-1.345299e-05
-1.329304e-05
-1.313985e-05
-1.298583e-05
-1.283768e-05
-1.269053e-05
-1.254662e-05
-1.240587e-05
-1.226593e-05
-1.213074e-05
-1.199503e-05
-1.186482e-05
-1.173423e-05
-1.160816e-05
-1.148285e-05
-1.136011e-05
-1.123976e-05
-1.112026e-05
-1.100459e-05
-1.088874e-05
-1.077727e-05
-1.066551e-05
-1.055723e-05
-1.044955e-05
-1.034408e-05
-1.024051e-05
-1.013783e-05
-1.003829e-05
-9.938656e-06
-9.842358e-06
-9.745869e-06
-9.652239e-06
-9.559089e-06
-9.467880e-06
-9.378274e-06
-9.289417e-06
-9.202974e-06
-9.116497e-06
-9.032679e-06
-8.948739e-06
-8.867255e-06
-8.786212e-06
-8.706790e-06
-8.628611e-06
-8.551072e-06
-8.475431e-06
-8.399820e-06
-8.326467e-06
-8.253071e-06
-8.181748e-06
-8.110758e-06
-8.041082e-06
-7.972376e-06
-7.904256e-06
-7.837706e-06
-7.771240e-06
-7.706712e-06
-7.642142e-06
-7.579227e-06
-7.516562e-06
-7.455032e-06
-7.394285e-06
-7.334090e-06
-7.275261e-06
-7.216525e-06
-7.159349e-06
-7.102133e-06
-7.046305e-06
-6.990676e-06
-6.936068e-06
-6.882141e-06
-6.828715e-06
-6.776403e-06
-6.724169e-06
-6.673209e-06
-6.622218e-06
-6.572451e-06
-6.522860e-06
-6.474173e-06
-6.426043e-06
-6.378332e-06
-6.331519e-06
-6.284789e-06
-6.239157e-06
-6.193515e-06
-6.148966e-06
-6.104561e-06
-6.060909e-06
-6.017702e-06
-5.974876e-06
-5.932803e-06
-5.890824e-06
-5.849833e-06
-5.808839e-06
-5.768757e-06
-5.728778e-06
-5.689453e-06
-5.650490e-06
-5.611882e-06
-5.573943e-06
-5.536104e-06
-5.499100e-06
-5.462083e-06
-5.425837e-06
-5.389670e-06
-5.354100e-06
-5.318845e-06
-5.283926e-06
-5.249584e-06
-5.215325e-06
-5.181761e-06
-5.148187e-06
-5.115300e-06
-5.082481e-06
-5.050212e-06
-5.018218e-06
-4.986510e-06
-4.955278e-06
-4.924124e-06
-4.893570e-06
-4.863010e-06
-4.833083e-06
-4.803218e-06
-4.773826e-06
-4.744655e-06
-4.715741e-06
-4.687228e-06
-4.658795e-06
-4.630910e-06
-4.603031e-06
-4.575704e-06
-4.548420e-06
-4.521548e-06
-4.494858e-06
-4.468409e-06
-4.442317e-06
-4.416310e-06
-4.390791e-06
-4.365269e-06
-4.340217e-06
-4.315195e-06
-4.290551e-06
-4.266061e-06
-4.241803e-06
-4.217867e-06
-4.194004e-06
-4.170553e-06
-4.147100e-06
-4.124065e-06
-4.101055e-06
-4.078401e-06
-4.055888e-06
-4.033583e-06
-4.011548e-06
-3.989581e-06
-3.967970e-06
-3.946359e-06
-3.925137e-06
-3.903940e-06
-3.883064e-06
-3.862302e-06
-3.841724e-06
-3.821374e-06
-3.801090e-06
-3.781131e-06
-3.761177e-06
-3.741580e-06
-3.721999e-06
-3.702696e-06
-3.683487e-06
-3.664452e-06
-3.645618e-06
-3.626853e-06
-3.608390e-06
-3.589930e-06
-3.571778e-06
-3.553634e-06
-3.535746e-06
-3.517936e-06
-3.500293e-06
-3.482836e-06
-3.465444e-06
-3.448312e-06
-3.431180e-06
-3.414321e-06
-3.397467e-06
-3.380855e-06
-3.364315e-06
-3.347932e-06
-3.331710e-06
-3.315545e-06
-3.299606e-06
-3.283668e-06
-3.267985e-06
-3.252308e-06
-3.236858e-06
-3.221469e-06
-3.206217e-06
-3.191103e-06
-3.176045e-06
-3.161189e-06
-3.146338e-06
-3.131727e-06
-3.117121e-06
-3.102712e-06
-3.088353e-06
-3.074123e-06
-3.060011e-06
-3.045956e-06
-3.032093e-06
-3.018236e-06
-3.004591e-06
-2.990946e-06
-2.977482e-06
-2.964057e-06
-2.950758e-06
-2.937569e-06
-2.924437e-06
-2.911475e-06
-2.898517e-06
-2.885746e-06
-2.872973e-06
-2.860370e-06
-2.847803e-06
-2.835357e-06
-2.823010e-06
-2.810712e-06
-2.798562e-06
-2.786417e-06
-2.774444e-06
-2.762469e-06
-2.750659e-06
-2.738881e-06
-2.727211e-06
-2.715625e-06
-2.704086e-06
-2.692680e-06
-2.681280e-06
-2.670046e-06
-2.658810e-06
-2.647723e-06
-2.636660e-06
-2.625696e-06
-2.614805e-06
-2.603962e-06
-2.593242e-06
-2.582531e-06
-2.571971e-06
-2.561407e-06
-2.550976e-06
-2.540564e-06
-2.530249e-06
-2.519999e-06
-2.509798e-06
-2.499713e-06
-2.489634e-06
-2.479687e-06
-2.469737e-06
-2.459911e-06
-2.450101e-06
-2.440387e-06
-2.430733e-06
-2.421124e-06
-2.411614e-06
-2.402112e-06
-2.392729e-06
-2.383343e-06
-2.374077e-06
-2.364827e-06
-2.355664e-06
-2.346554e-06
-2.337485e-06
-2.328504e-06
-2.319531e-06
-2.310673e-06
-2.301813e-06
-2.293066e-06
-2.284331e-06
-2.275675e-06
-2.267063e-06
-2.258492e-06
-2.250004e-06
-2.241525e-06
-2.233156e-06
-2.224782e-06
-2.216508e-06
-2.208244e-06
-2.200055e-06
-2.191905e-06
-2.183797e-06
-2.175768e-06
-2.167747e-06
-2.159823e-06
-2.151894e-06
-2.144059e-06
-2.136230e-06
-2.128476e-06
-2.120761e-06
-2.113084e-06
-2.105477e-06
-2.097878e-06
-2.090366e-06
-2.082850e-06
-2.075424e-06
-2.068004e-06
-2.060656e-06
-2.053340e-06
-2.046061e-06
-2.038842e-06
-2.031632e-06
-2.024504e-06
-2.017373e-06
-2.010329e-06
-2.003290e-06
-1.996314e-06
-1.989367e-06
-1.982455e-06
-1.975599e-06
-1.968753e-06
-1.961986e-06
-1.955217e-06
-1.948525e-06
-1.941837e-06
-1.935208e-06
-1.928604e-06
-1.922036e-06
-1.915521e-06
-1.909016e-06
-1.902583e-06
-1.896146e-06
-1.889781e-06
-1.883417e-06
-1.877112e-06
-1.870831e-06
-1.864584e-06
-1.858387e-06
-1.852198e-06
-1.846073e-06
-1.839945e-06
-1.833886e-06
-1.827829e-06
-1.821829e-06
-1.815850e-06
-1.809904e-06
-1.803999e-06
-1.798104e-06
-1.792268e-06
-1.786430e-06
-1.780659e-06
-1.774889e-06
-1.769173e-06
-1.763473e-06
-1.757804e-06
-1.752173e-06
-1.746552e-06
-1.740989e-06
-1.735425e-06
-1.729923e-06
-1.724420e-06
-1.718966e-06
-1.713527e-06
-1.708119e-06
-1.702747e-06
-1.697386e-06
-1.692079e-06
-1.686770e-06
-1.681517e-06
-1.676262e-06
-1.671056e-06
-1.665862e-06
-1.660700e-06
-1.655572e-06
-1.650453e-06
-1.645383e-06
-1.640310e-06
-1.635290e-06
-1.630269e-06
-1.625296e-06
-1.620336e-06
-1.615404e-06
-1.610502e-06
-1.605610e-06
-1.600762e-06
-1.595912e-06
-1.591114e-06
-1.586315e-06
-1.581561e-06
-1.576817e-06
-1.572100e-06
-1.567410e-06
-1.562729e-06
-1.558091e-06
-1.553453e-06
-1.548863e-06
-1.544272e-06
-1.539722e-06
-1.535180e-06
-1.530665e-06
-1.526174e-06
-1.521695e-06
-1.517256e-06
-1.512816e-06
-1.508421e-06
-1.504024e-06
-1.499666e-06
-1.495315e-06
-1.490991e-06
-1.486691e-06
-1.482401e-06
-1.478148e-06
-1.473894e-06
-1.469681e-06
-1.465466e-06
-1.461290e-06
-1.457120e-06
-1.452977e-06
-1.448855e-06
-1.444742e-06
-1.440663e-06
-1.436583e-06
-1.432543e-06
-1.428502e-06
-1.424498e-06
-1.420500e-06
-1.416526e-06
-1.412570e-06
-1.408625e-06
-1.404711e-06
-1.400796e-06
-1.396922e-06
-1.393045e-06
-1.389202e-06
-1.385363e-06
-1.381549e-06
-1.377750e-06
-1.373963e-06
-1.370206e-06
-1.366449e-06
-1.362728e-06
-1.359004e-06
-1.355314e-06
-1.351626e-06
-1.347962e-06
-1.344315e-06
-1.340678e-06
-1.337069e-06
-1.333460e-06
-1.329884e-06
-1.326305e-06
-1.322759e-06
-1.319215e-06
-1.315695e-06
-1.312190e-06
-1.308694e-06
-1.305224e-06
-1.301754e-06
-1.298315e-06
-1.294874e-06
-1.291465e-06
-1.288058e-06
-1.284674e-06
-1.281301e-06
-1.277939e-06
-1.274600e-06
-1.271262e-06
-1.267955e-06
-1.264646e-06
-1.261367e-06
-1.258089e-06
-1.254832e-06
-1.251585e-06
-1.248350e-06
-1.245137e-06
-1.241925e-06
-1.238742e-06
-1.235557e-06
-1.232399e-06
-1.229242e-06
-1.226106e-06
-1.222980e-06
-1.219866e-06
-1.216772e-06
-1.213680e-06
-1.210614e-06
-1.207545e-06
-1.204503e-06
-1.201462e-06
-1.198442e-06
-1.195432e-06
-1.192432e-06
-1.189450e-06
-1.186470e-06
-1.183515e-06
-1.180557e-06
-1.177626e-06
-1.174696e-06
-1.171786e-06
-1.168883e-06
-1.165991e-06
-1.163116e-06
-1.160243e-06
-1.157394e-06
-1.154543e-06
-1.151717e-06
-1.148892e-06
-1.146085e-06
-1.143285e-06
-1.140496e-06
-1.137723e-06
-1.134952e-06
-1.132204e-06
-1.129455e-06
-1.126728e-06
-1.124002e-06
-1.121293e-06
-1.118591e-06
-1.115900e-06
-1.113224e-06
-1.110551e-06
-1.107899e-06
-1.105244e-06
-1.102612e-06
-1.099979e-06
-1.097365e-06
-1.094758e-06
-1.092160e-06
-1.089577e-06
-1.086996e-06
-1.084434e-06
-1.081871e-06
-1.079329e-06
-1.076787e-06
-1.074263e-06
-1.071745e-06
-1.069236e-06
-1.066739e-06
-1.064245e-06
-1.061771e-06
-1.059294e-06
-1.056840e-06
-1.054384e-06
-1.051945e-06
-1.049510e-06
-1.047086e-06
-1.044673e-06
-1.042263e-06
-1.039872e-06
-1.037479e-06
-1.035106e-06
-1.032732e-06
-1.030374e-06
-1.028020e-06
-1.025676e-06
-1.023344e-06
-1.021014e-06
-1.018702e-06
-1.016389e-06
-1.014093e-06
-1.011796e-06
-1.009516e-06
-1.007240e-06
-1.004973e-06
-1.002717e-06
-1.000464e-06
-9.982268e-07
-9.959879e-07
-9.937673e-07
-9.915454e-07
-9.893400e-07
-9.871377e-07
-9.849448e-07
-9.827613e-07
-9.805807e-07
-9.784151e-07
-9.762482e-07
-9.740997e-07
-9.719498e-07
-9.698149e-07
-9.676825e-07
-9.655594e-07
-9.634450e-07
-9.613337e-07
-9.592375e-07
-9.571402e-07
-9.550599e-07
-9.529779e-07
-9.509103e-07
-9.488448e-07
-9.467888e-07
-9.447413e-07
-9.426973e-07
-9.406673e-07
-9.386360e-07
-9.366204e-07
-9.346031e-07
-9.326001e-07
-9.305990e-07
-9.286077e-07
-9.266243e-07
-9.246440e-07
-9.226764e-07
-9.207077e-07
-9.187541e-07
-9.167990e-07
-9.148584e-07
-9.129196e-07
-9.109898e-07
-9.090670e-07
-9.071475e-07
-9.052398e-07
-9.033312e-07
-9.014380e-07
-8.995433e-07
-8.976622e-07
-8.957823e-07
-8.939111e-07
-8.920462e-07
-8.901847e-07
-8.883349e-07
-8.864847e-07
-8.846489e-07
-8.828114e-07
-8.809867e-07
-8.791628e-07
-8.773478e-07
-8.755387e-07
-8.737335e-07
-8.719396e-07
-8.701451e-07
-8.683638e-07
-8.665808e-07
-8.648103e-07
-8.630405e-07
-8.612799e-07
-8.595250e-07
-8.577738e-07
-8.560327e-07
-8.542911e-07
-8.525620e-07
-8.508312e-07
-8.491131e-07
-8.473958e-07
-8.456872e-07
-8.439836e-07
-8.422836e-07
-8.405928e-07
-8.389018e-07
-8.372233e-07
-8.355434e-07
-8.338759e-07
-8.322086e-07
-8.305496e-07
-8.288949e-07
-8.272441e-07
-8.256022e-07
-8.239604e-07
-8.223308e-07
-8.206997e-07
-8.190799e-07
-8.174601e-07
-8.158486e-07
